translation: 
  x: -0.03831945846956286
  y: -0.13875154788543487
  z: -0.025074918348269172
rotation: 
  x: 0.0084915825417647
  y: 0.015453249889340381
  z: 0.01193619978369641
  w: 0.9997732829139403